3.698558022430762371e-01
3.722728313115128973e-01
4.077225909819180427e-01
4.246921492332340620e-01
4.496681162737468096e-01
4.464454108491645035e-01
4.867292286564430803e-01
5.173449301899747388e-01
5.245960173952849415e-01
5.262073701075760113e-01
5.511833371480887589e-01
5.801876859693293476e-01
5.697138933394368943e-01
5.801876859693293476e-01
6.075806820782787554e-01
6.205218585488669891e-01
6.326070038910506232e-01
6.318013275349050328e-01
6.503318837262530572e-01
6.632227054245822817e-01
6.495262073701075778e-01
6.624170290684366913e-01
6.535545891508354188e-01
6.745021744106202144e-01
6.696681162737467830e-01
6.640283817807278721e-01
6.712794689860379638e-01
6.672510872053101227e-01
6.591943236438544407e-01
6.664454108491645323e-01
6.454978255893797368e-01
6.583886472877088503e-01
6.430807965209429655e-01
6.205218585488669891e-01
6.277729457541770808e-01
6.172487983520256183e-01
6.132204165712977773e-01
5.882444495307850296e-01
5.946898603799496419e-01
5.737422751201647353e-01
5.479606317235065083e-01
5.173449301899747388e-01
5.108995193408102375e-01
4.899519340810253865e-01
4.722270542458227860e-01
4.593362325474936725e-01
4.238864728770885271e-01
4.158297093156328450e-01
4.077225909819180427e-01
3.827466239414053506e-01
3.706614785992217720e-01
3.271549553673609445e-01
3.327946898603799664e-01
3.102357518883039345e-01
2.747859922178987890e-01
2.538384069581139935e-01
2.417532616159304149e-01
2.409475852597848522e-01
2.216113527122911264e-01
1.756374456397344908e-01
1.716090638590066497e-01
1.667750057221332183e-01
1.651636530098420652e-01
1.264911879148546692e-01
1.168230716411077924e-01
1.144060425726710906e-01
1.071549553673609573e-01
7.170519569695581186e-02
7.573357747768368065e-02
7.089951934081024920e-02
7.412222476539252758e-02
4.834058136873425893e-02
4.270084687571526483e-02
7.170519569695581186e-02
3.947814145113298645e-02
5.639734493018997569e-02
6.364843213550011591e-02
6.042572671091783060e-02
7.089951934081024920e-02
5.398031586175325997e-02
6.203707942320896285e-02
8.056763561455709821e-02
8.298466468299381393e-02
9.345845731288623948e-02
1.095719844357976591e-01
1.152117189288166532e-01
1.224628061341268004e-01
1.522728313115129239e-01
1.627466239414053495e-01
1.651636530098420652e-01
1.844998855573357632e-01
1.998077363241016202e-01
2.143602655069810070e-01
2.345021744106202677e-01
2.707576104371709480e-01
2.828427557793545266e-01
3.005676356145570716e-01
3.255436026550697637e-01
3.376287479972533423e-01
3.416571297779812388e-01
3.730785076676584877e-01
3.875806820782787820e-01
4.028885328450446113e-01
4.520851453421835808e-01
4.625589379720759786e-01
4.827008468757152393e-01
5.068711375600823965e-01
5.020370794232088540e-01
5.237903410391393511e-01
5.471549553673609179e-01
5.632684824902723930e-01
5.777706569008925763e-01
5.745479514763103257e-01
6.019409475852597335e-01
6.213275349050125795e-01
6.124147402151521868e-01
6.342183566033416930e-01
6.527489127946898284e-01
6.616113527122911009e-01
6.567772945754176694e-01
6.728908216983291446e-01
6.745021744106202144e-01
6.833646143282215979e-01
6.817532616159303060e-01
6.616113527122911009e-01
6.640283817807278721e-01
6.672510872053101227e-01
6.583886472877088503e-01
6.656397344930189419e-01
6.527489127946898284e-01
6.334126802471962137e-01
6.261615930418859000e-01
6.156374456397344375e-01
6.132204165712977773e-01
5.914671549553672802e-01
5.858274204623483694e-01
5.793820096131837571e-01
5.536003662165254191e-01
5.447379262989241466e-01
5.415152208743418960e-01
5.326527809567406235e-01
4.963973449301899432e-01
5.100938429846646471e-01
4.867292286564430803e-01
4.545021744106202966e-01
4.351659418631265708e-01
4.158297093156328450e-01
3.843579766536964759e-01
3.706614785992217720e-01
3.682444495307850563e-01
3.416571297779812388e-01
2.989562829022659463e-01
2.844541084916456519e-01
2.965392538338292305e-01
2.490043488212405343e-01
2.361135271229113930e-01
2.312794689860379893e-01
1.917509727626459104e-01
1.981963836118104672e-01
1.853055619134813536e-01
1.667750057221332183e-01
1.514671549553673613e-01
1.184344243533989316e-01
1.289082169832913571e-01
9.023575188830396110e-02
7.976195925841153556e-02
6.848249027237353348e-02
6.848249027237353348e-02
5.881437399862668447e-02
5.639734493018997569e-02
5.800869764248111488e-02
5.317463950560769037e-02
5.478599221789882956e-02
5.881437399862668447e-02
5.236896314946211384e-02
4.995193408102540505e-02
4.270084687571526483e-02
5.962005035477226100e-02
6.203707942320896285e-02
7.331654840924696492e-02
8.862439917601282191e-02
9.184710460059510029e-02
8.298466468299381393e-02
1.071549553673609573e-01
1.200457770656900847e-01
1.417990386816204984e-01
1.337422751201647886e-01
1.748317692835889003e-01
1.716090638590066497e-01
1.949736781872281888e-01
2.127489127946898817e-01
2.159716182192721323e-01
2.449759670405126932e-01
2.473929961089493812e-01
2.772030212863355603e-01
3.013733119707026620e-01
3.400457770656900580e-01
3.319890135042343760e-01
3.682444495307850563e-01
3.867750057221331916e-01
3.916090638590066231e-01
4.206637674525062209e-01
4.464454108491645035e-01
4.593362325474936725e-01
4.851178759441519550e-01
4.827008468757152393e-01
5.157335774776836690e-01
5.262073701075760113e-01
5.382925154497596454e-01
5.809933623254749380e-01
5.648798352025634628e-01
5.930785076676584611e-01
6.124147402151521868e-01
6.011352712291141431e-01
6.213275349050125795e-01
6.430807965209429655e-01
6.398580910963607149e-01
6.656397344930189419e-01
6.688624399176013036e-01
6.728908216983291446e-01
6.712794689860379638e-01
6.543602655069808982e-01
6.648340581368734625e-01
6.761135271229113952e-01
6.624170290684366913e-01
6.704737926298923734e-01
6.471091783016708066e-01
6.688624399176013036e-01
6.624170290684366913e-01
6.527489127946898284e-01
6.221332112611580589e-01
6.180544747081712087e-01
6.059693293659876856e-01
6.180544747081712087e-01
5.826047150377661188e-01
5.914671549553672802e-01
5.616571297779812122e-01
5.358754863813229852e-01
5.221789883268481702e-01
5.181506065461203292e-01
5.036484321355001459e-01
4.706157015335316607e-01
4.577248798352025472e-01
4.351659418631265708e-01
4.359716182192721057e-01
4.134126802471961293e-01
3.859693293659876012e-01
3.448798352025634895e-01
3.368230716411078074e-01
3.263492790112153541e-01
3.013733119707026620e-01
2.772030212863355603e-01
2.610894941634240851e-01
2.449759670405126932e-01
2.280567635614557109e-01
2.216113527122911264e-01
1.836942092011902006e-01
1.627466239414053495e-01
1.643579766536965026e-01
1.409933623254749357e-01
1.345479514763103512e-01
1.144060425726710906e-01
9.345845731288623948e-02
1.047379262989242277e-01
9.023575188830396110e-02
8.943007553215838457e-02
8.298466468299381393e-02
5.478599221789882956e-02
4.511787594415198055e-02
4.834058136873425893e-02
4.672922865644311974e-02
4.108949416342412564e-02
4.108949416342412564e-02
7.009384298466468655e-02
6.042572671091783060e-02
3.947814145113298645e-02
7.009384298466468655e-02
6.767681391622797082e-02
7.331654840924696492e-02
9.023575188830396110e-02
9.265278095674067682e-02
9.265278095674067682e-02
1.087663080796520965e-01
1.313252460517280729e-01
1.361593041886015043e-01
1.506614785992217709e-01
1.571068894483863276e-01
1.804715037766079222e-01
2.087205310139619852e-01
2.175829709315632854e-01
2.272510872053101483e-01
2.667292286564431070e-01
2.820370794232089362e-01
2.933165484092469799e-01
3.199038681620507973e-01
3.303776607919432506e-01
3.384344243533989327e-01
3.891920347905699074e-01
3.972487983520256449e-01
4.036942092011901462e-01
4.174410620279239703e-01
4.367772945754176961e-01
4.657816433966582292e-01
4.996200503547721938e-01
5.084824902723735773e-01
5.133165484092468978e-01
5.415152208743418960e-01
5.624628061341268026e-01
5.616571297779812122e-01
5.914671549553672802e-01
6.108033875028611170e-01
5.979125658045318925e-01
6.116090638590065964e-01
6.301899748226137410e-01
6.334126802471962137e-01
6.374410620279240547e-01
6.503318837262530572e-01
6.712794689860379638e-01
6.761135271229113952e-01
6.809475852597848267e-01
6.712794689860379638e-01
6.753078507667658048e-01
6.640283817807278721e-01
6.777248798352024650e-01
6.809475852597848267e-01
6.479148546578163970e-01
6.535545891508354188e-01
6.358297093156328739e-01
6.487205310139619874e-01
6.487205310139619874e-01
6.051636530098419842e-01
6.019409475852597335e-01
6.035523002975508033e-01
5.882444495307850296e-01
5.793820096131837571e-01
5.495719844357975781e-01
5.447379262989241466e-01
5.366811627374684646e-01
4.996200503547721938e-01
4.955916685740443528e-01
4.585305561913481376e-01
4.528908216983291712e-01
4.327489127946898551e-01
4.182467383840695607e-01
3.779125658045319192e-01
3.795239185168230445e-01
3.416571297779812388e-01
3.336003662165255013e-01
3.126527809567406502e-01
3.005676356145570716e-01
2.546440833142595284e-01
2.538384069581139935e-01
2.401419089036392895e-01
2.046417944609750517e-01
2.014190890363927455e-01
1.780544747081712065e-01
1.748317692835889003e-01
1.611352712291141964e-01
1.426047150377660611e-01
1.111833371480887983e-01
1.192401007095445220e-01
1.007095445181963728e-01
7.734493018997481983e-02
7.734493018997481983e-02
6.606546120393683164e-02
5.800869764248111488e-02
4.753490501258869627e-02
6.606546120393683164e-02
4.511787594415198055e-02
5.559166857404439915e-02
3.867246509498740992e-02
5.398031586175325997e-02
3.786678873884184032e-02
4.350652323186083442e-02
5.156328679331654424e-02
5.639734493018997569e-02
8.459601739528495312e-02
6.767681391622797082e-02
7.976195925841153556e-02
1.047379262989242277e-01
1.192401007095445220e-01
1.208514534218356612e-01
1.305195696955825102e-01
1.595239185168230711e-01
1.563012130922407650e-01
1.740260929274433377e-01
1.933623254749370357e-01
2.199999999999999734e-01
2.199999999999999734e-01
2.651178759441519817e-01
2.731746395056076637e-01
2.908995193408102642e-01
2.933165484092469799e-01
3.134584573128861851e-01
3.569649805447470681e-01
3.738841840238040781e-01
3.932204165712978039e-01
4.134126802471961293e-01
4.238864728770885271e-01
4.464454108491645035e-01
4.609475852597848533e-01
4.617532616159303882e-01
4.883405813687342611e-01
5.197619592584115100e-01
5.407095445181963056e-01
5.648798352025634628e-01
5.487663080796519877e-01
5.769649805447469859e-01
5.850217441062027790e-01
5.963012130922407117e-01
6.205218585488669891e-01
6.132204165712977773e-01
6.229388876173036493e-01
6.285786221103226712e-01
6.575829709315632599e-01
6.720851453421835542e-01
6.600000000000000311e-01
6.753078507667658048e-01
6.809475852597848267e-01
6.704737926298923734e-01
6.672510872053101227e-01
6.745021744106202144e-01
6.809475852597848267e-01
6.664454108491645323e-01
6.551659418631264886e-01
6.551659418631264886e-01
6.535545891508354188e-01
6.463035019455252161e-01
6.108033875028611170e-01
6.099977111467155266e-01
5.954955367360951213e-01
5.737422751201647353e-01
5.681025406271457134e-01
5.584344243533989616e-01
5.463492790112153275e-01
5.382925154497596454e-01
5.205676356145571004e-01
4.899519340810253865e-01
4.907576104371709214e-01
4.625589379720759786e-01
4.182467383840695607e-01
4.246921492332340620e-01
4.174410620279239703e-01
3.626047150377660344e-01
3.481025406271457956e-01
3.545479514763103523e-01
3.271549553673609445e-01
3.142641336690317755e-01
2.755916685740443794e-01
2.675349050125886974e-01
2.699519340810254131e-01
2.401419089036392895e-01
2.006134126802471829e-01
1.885282673380636043e-01
1.675806820782787809e-01
1.498558022430762082e-01
1.345479514763103512e-01
1.224628061341268004e-01
1.256855115587090788e-01
1.136003662165255279e-01
1.095719844357976591e-01
8.298466468299381393e-02
8.781872281986724538e-02
7.251087205310140227e-02
5.075761043717097465e-02
7.089951934081024920e-02
4.350652323186083442e-02
6.284275577935453938e-02
5.720302128633554528e-02
5.559166857404439915e-02
4.189517051956969523e-02
5.720302128633554528e-02
5.236896314946211384e-02
5.639734493018997569e-02
5.881437399862668447e-02
7.573357747768368065e-02
7.089951934081024920e-02
1.079606317235065199e-01
9.426413366903180213e-02
1.111833371480887983e-01
1.160173952849622298e-01
1.289082169832913571e-01
1.579125658045319458e-01
1.563012130922407650e-01
2.006134126802471829e-01
2.006134126802471829e-01
2.288624399176012736e-01
2.441702906843671306e-01
2.401419089036392895e-01
2.699519340810254131e-01
2.860654612039367772e-01
2.941222247653925148e-01
3.472968642710002052e-01
3.432684824902723641e-01
3.754955367360952034e-01
3.948317692835889292e-01
3.972487983520256449e-01
4.391943236438544118e-01
4.601419089036392629e-01
4.786724650949873983e-01
4.794781414511329887e-01
5.004257267109177842e-01
5.237903410391393511e-01
5.560173952849621903e-01
5.423208972304874864e-01
5.817990386816205284e-01
5.826047150377661188e-01
5.858274204623483694e-01
6.011352712291141431e-01
6.124147402151521868e-01
6.261615930418859000e-01
6.398580910963607149e-01
6.600000000000000311e-01
6.438864728770885559e-01
6.688624399176013036e-01
6.801419089036392363e-01
6.696681162737467830e-01
6.962554360265507114e-01
6.680567635614557132e-01
6.753078507667658048e-01
6.736964980544746240e-01
6.736964980544746240e-01
6.511375600823986476e-01
6.728908216983291446e-01
6.591943236438544407e-01
6.261615930418859000e-01
6.269672693980314904e-01
6.205218585488669891e-01
6.083863584344243458e-01
6.035523002975508033e-01
5.624628061341268026e-01
5.552117189288167109e-01
5.455436026550697370e-01
5.318471046005951441e-01
5.318471046005951441e-01
5.044541084916457363e-01
4.875349050125886707e-01
4.770611123826962729e-01
4.359716182192721057e-01
4.254978255893797634e-01
4.142183566033417197e-01
3.819409475852597602e-01
3.706614785992217720e-01
3.593820096131837838e-01
3.255436026550697637e-01
3.045960173952849681e-01
2.908995193408102642e-01
2.675349050125886974e-01
2.481986724650949716e-01
2.490043488212405343e-01
2.143602655069810070e-01
2.046417944609750517e-01
1.885282673380636043e-01
1.530785076676585144e-01
1.490501258869306456e-01
1.377706569008926296e-01
1.224628061341268004e-01
1.176287479972533689e-01
1.087663080796520965e-01
1.015152208743419493e-01
9.104142824444952375e-02
8.701304646372166884e-02
7.815060654612038249e-02
5.962005035477226100e-02
4.672922865644311974e-02
4.592355230029755014e-02
3.867246509498740992e-02
4.350652323186083442e-02
4.753490501258869627e-02
4.350652323186083442e-02
5.881437399862668447e-02
5.800869764248111488e-02
7.653925383382925718e-02
8.379034103913939047e-02
8.620737010757610619e-02
8.379034103913939047e-02
1.095719844357976591e-01
1.015152208743419493e-01
1.111833371480887983e-01
1.297138933394369198e-01
1.611352712291141964e-01
1.563012130922407650e-01
1.965850308995193418e-01
2.030304417486838986e-01
2.232227054245822517e-01
2.167772945754177227e-01
2.417532616159304149e-01
2.554497596704051188e-01
2.852597848477912423e-01
3.118471046005950598e-01
3.271549553673609445e-01
3.392401007095444676e-01
3.722728313115128973e-01
3.666330968184938754e-01
4.085282673380636331e-01
4.126070038910505389e-01
4.480567635614556288e-01
4.536964980544747061e-01
4.843121995880064201e-01
4.891462577248797960e-01
5.044541084916457363e-01
5.326527809567406235e-01
5.350698100251773948e-01
5.672968642710002340e-01
5.842160677500571886e-01
5.979125658045318925e-01
6.164431219958800279e-01
6.156374456397344375e-01
6.358297093156328739e-01
6.438864728770885559e-01
6.350240329594872835e-01
6.487205310139619874e-01
6.511375600823986476e-01
6.704737926298923734e-01
6.696681162737467830e-01
6.736964980544746240e-01
6.712794689860379638e-01
6.857816433966582581e-01
6.479148546578163970e-01
6.664454108491645323e-01
6.535545891508354188e-01
6.704737926298923734e-01
6.600000000000000311e-01
6.463035019455252161e-01
6.213275349050125795e-01
6.293842984664682616e-01
6.011352712291141431e-01
5.882444495307850296e-01
5.769649805447469859e-01
5.697138933394368943e-01
5.592401007095445520e-01
5.366811627374684646e-01
5.286243991760127825e-01
5.254016937514304209e-01
4.923689631494621022e-01
4.738384069581139113e-01
4.673929961089493546e-01
4.561135271229114219e-01
4.036942092011901462e-01
4.150240329594872546e-01
3.932204165712978039e-01
3.569649805447470681e-01
3.376287479972533423e-01
3.384344243533989327e-01
2.908995193408102642e-01
2.747859922178987890e-01
2.731746395056076637e-01
2.369192034790569557e-01
2.272510872053101483e-01
1.965850308995193418e-01
2.079148546578164225e-01
1.724147402151522124e-01
1.716090638590066497e-01
1.401876859693293731e-01
1.329365987640192259e-01
1.345479514763103512e-01
1.031265735866330885e-01
1.119890135042343610e-01
7.895628290226597290e-02
8.137331197070267474e-02
6.928816662851911001e-02
7.251087205310140227e-02
7.492790112153810411e-02
6.284275577935453938e-02
5.720302128633554528e-02
5.478599221789882956e-02
6.042572671091783060e-02
6.284275577935453938e-02
4.108949416342412564e-02
6.042572671091783060e-02
7.573357747768368065e-02
7.492790112153810411e-02
6.606546120393683164e-02
7.331654840924696492e-02
9.506981002517739254e-02
1.103776607919432218e-01
1.289082169832913571e-01
1.256855115587090788e-01
1.361593041886015043e-01
1.667750057221332183e-01
1.683863584344243436e-01
1.909452964065003477e-01
1.885282673380636043e-01
2.054474708171206143e-01
2.345021744106202677e-01
2.409475852597848522e-01
2.812314030670634013e-01
2.763973449301899143e-01
3.142641336690317755e-01
3.231265735866331035e-01
3.392401007095444676e-01
3.698558022430762371e-01
3.867750057221331916e-01
4.004715037766078956e-01
4.295262073701076044e-01
4.641702906843671039e-01
4.762554360265506270e-01
5.052597848477912157e-01
5.012314030670633747e-01
5.229846646829937606e-01
5.294300755321583729e-01
5.713252460517280751e-01
5.850217441062027790e-01
5.954955367360951213e-01
6.067750057221332760e-01
6.172487983520256183e-01
6.035523002975508033e-01
6.205218585488669891e-01
6.591943236438544407e-01
6.366353856717784643e-01
6.640283817807278721e-01
6.640283817807278721e-01
6.680567635614557132e-01
6.793362325474936458e-01
6.736964980544746240e-01
6.616113527122911009e-01
6.712794689860379638e-01
6.672510872053101227e-01
6.736964980544746240e-01
6.656397344930189419e-01
6.640283817807278721e-01
6.535545891508354188e-01
6.519432364385442380e-01
6.382467383840695341e-01
6.253559166857404206e-01
5.914671549553672802e-01
5.979125658045318925e-01
6.019409475852597335e-01
5.713252460517280751e-01
5.656855115587090532e-01
5.237903410391393511e-01
5.342641336690318044e-01
5.173449301899747388e-01
4.947859922178987624e-01
4.762554360265506270e-01
4.391943236438544118e-01
4.504737926298923445e-01
4.238864728770885271e-01
3.827466239414053506e-01
3.819409475852597602e-01
3.513252460517280462e-01
3.287663080796521253e-01
3.102357518883039345e-01
2.796200503547722760e-01
2.844541084916456519e-01
2.554497596704051188e-01
2.304737926298924267e-01
2.054474708171206143e-01
2.087205310139619852e-01
1.780544747081712065e-01
1.595239185168230711e-01
1.409933623254749357e-01
1.401876859693293731e-01
1.297138933394369198e-01
1.297138933394369198e-01
9.990386816205081011e-02
7.895628290226597290e-02
7.412222476539252758e-02
6.767681391622797082e-02
5.559166857404439915e-02
6.042572671091783060e-02
5.800869764248111488e-02
4.592355230029755014e-02
4.108949416342412564e-02
7.089951934081024920e-02
5.478599221789882956e-02
3.625543602655070113e-02
6.445410849164567857e-02
7.895628290226597290e-02
6.364843213550011591e-02
7.492790112153810411e-02
7.009384298466468655e-02
9.184710460059510029e-02
9.668116273746851785e-02
9.748683909361409439e-02
1.232684824902723630e-01
1.232684824902723630e-01
1.450217441062028045e-01
1.474387731746394925e-01
1.708033875028610593e-01
1.812771801327534849e-01
2.175829709315632854e-01
2.135545891508354444e-01
2.312794689860379893e-01
2.659235523002975721e-01
2.780086976424810952e-01
2.860654612039367772e-01
3.166811627374685467e-01
3.368230716411078074e-01
3.738841840238040781e-01
3.908033875028610327e-01
4.044998855573357366e-01
4.174410620279239703e-01
4.520851453421835808e-01
4.617532616159303882e-01
4.746440833142595017e-01
4.835065232318608297e-01
5.197619592584115100e-01
5.205676356145571004e-01
5.519890135042343493e-01
5.511833371480887589e-01
6.124147402151521868e-01
5.890501258869306200e-01
6.156374456397344375e-01
6.164431219958800279e-01
6.358297093156328739e-01
6.269672693980314904e-01
6.382467383840695341e-01
6.632227054245822817e-01
6.422751201647973751e-01
6.471091783016708066e-01
6.720851453421835542e-01
6.785305561913480554e-01
6.728908216983291446e-01
6.761135271229113952e-01
6.680567635614557132e-01
6.793362325474936458e-01
6.591943236438544407e-01
6.704737926298923734e-01
6.430807965209429655e-01
6.608056763561456215e-01
6.309956511787593314e-01
6.342183566033416930e-01
6.180544747081712087e-01
6.059693293659876856e-01
6.099977111467155266e-01
5.826047150377661188e-01
5.874387731746394392e-01
5.503776607919431685e-01
5.656855115587090532e-01
5.431265735866330768e-01
5.076768139162279869e-01
4.891462577248797960e-01
4.738384069581139113e-01
4.714213778896771956e-01
4.327489127946898551e-01
4.295262073701076044e-01
4.077225909819180427e-01
3.843579766536964759e-01
3.763012130922407383e-01
3.408514534218356484e-01
3.142641336690317755e-01
3.150698100251773659e-01
2.788143739986266856e-01
2.844541084916456519e-01
2.498100251773860969e-01
2.312794689860379893e-01
2.135545891508354444e-01
2.054474708171206143e-01
1.675806820782787809e-01
1.482444495307850552e-01
1.506614785992217709e-01
1.409933623254749357e-01
1.039322499427786650e-01
9.990386816205081011e-02
1.063492790112153807e-01
8.540169375143052966e-02
9.104142824444952375e-02
7.895628290226597290e-02
6.123140306706340019e-02
5.236896314946211384e-02
6.203707942320896285e-02
4.995193408102540505e-02
4.995193408102540505e-02
5.478599221789882956e-02
6.284275577935453938e-02
6.042572671091783060e-02
7.573357747768368065e-02
4.914625772487983546e-02
8.540169375143052966e-02
8.943007553215838457e-02
7.976195925841153556e-02
7.412222476539252758e-02
8.701304646372166884e-02
1.152117189288166532e-01
1.160173952849622298e-01
1.289082169832913571e-01
1.635523002975509121e-01
1.699977111467154689e-01
1.804715037766079222e-01
1.901396200503547851e-01
2.288624399176012736e-01
2.272510872053101483e-01
2.578667887388418345e-01
2.780086976424810952e-01
2.949279011215381052e-01
3.255436026550697637e-01
3.327946898603799664e-01
3.489082169832913305e-01
3.569649805447470681e-01
3.867750057221331916e-01
3.980544747081711798e-01
4.287205310139620140e-01
4.375829709315632865e-01
4.553078507667658315e-01
4.754497596704050366e-01
5.133165484092468978e-01
5.076768139162279869e-01
5.390981918059052358e-01
5.664911879148546436e-01
5.737422751201647353e-01
5.922728313115128707e-01
5.858274204623483694e-01
6.180544747081712087e-01
6.277729457541770808e-01
6.197161821927213987e-01
6.406637674525063053e-01
6.318013275349050328e-01
6.600000000000000311e-01
6.511375600823986476e-01
6.745021744106202144e-01
6.640283817807278721e-01
6.704737926298923734e-01
6.753078507667658048e-01
6.672510872053101227e-01
6.543602655069808982e-01
6.712794689860379638e-01
6.688624399176013036e-01
6.728908216983291446e-01
6.575829709315632599e-01
6.301899748226137410e-01
6.285786221103226712e-01
6.132204165712977773e-01
6.213275349050125795e-01
6.099977111467155266e-01
5.906614785992218009e-01
5.576287479972533712e-01
5.519890135042343493e-01
5.399038681620508262e-01
5.318471046005951441e-01
5.431265735866330768e-01
5.125108720531014184e-01
5.020370794232088540e-01
4.762554360265506270e-01
4.673929961089493546e-01
4.246921492332340620e-01
4.061112382696269174e-01
4.085282673380636331e-01
3.593820096131837838e-01
3.489082169832913305e-01
3.287663080796521253e-01
3.263492790112153541e-01
2.860654612039367772e-01
2.747859922178987890e-01
2.425589379720759775e-01
2.425589379720759775e-01
2.240283817807278144e-01
2.159716182192721323e-01
1.933623254749370357e-01
1.643579766536965026e-01
1.603295948729686338e-01
1.337422751201647886e-01
1.305195696955825102e-01
1.200457770656900847e-01
9.990386816205081011e-02
9.426413366903180213e-02
7.976195925841153556e-02
7.492790112153810411e-02
7.331654840924696492e-02
5.881437399862668447e-02
5.236896314946211384e-02
6.687113756008239429e-02
6.042572671091783060e-02
6.687113756008239429e-02
5.800869764248111488e-02
5.398031586175325997e-02
6.284275577935453938e-02
4.753490501258869627e-02
8.137331197070267474e-02
7.734493018997481983e-02
8.298466468299381393e-02
9.506981002517739254e-02
9.909819180590523358e-02
1.136003662165255279e-01
1.216571297779812239e-01
1.192401007095445220e-01
1.393820096131837827e-01
1.724147402151522124e-01
1.667750057221332183e-01
1.901396200503547851e-01
1.949736781872281888e-01
2.208056763561455638e-01
2.562554360265507092e-01
2.554497596704051188e-01
2.651178759441519817e-01
3.062073701075760934e-01
3.311833371480887855e-01
3.287663080796521253e-01
3.771068894483863287e-01
3.714671549553673624e-01
4.174410620279239703e-01
4.222751201647974018e-01
4.408056763561455371e-01
4.553078507667658315e-01
4.859235523002975454e-01
4.859235523002975454e-01
5.020370794232088540e-01
5.334584573128862139e-01
5.511833371480887589e-01
5.511833371480887589e-01
5.785763332570381667e-01
5.914671549553672802e-01
6.083863584344243458e-01
6.156374456397344375e-01
6.229388876173036493e-01
6.438864728770885559e-01
6.390524147402151245e-01
6.479148546578163970e-01
6.446921492332341463e-01
6.487205310139619874e-01
6.648340581368734625e-01
6.761135271229113952e-01
6.793362325474936458e-01
6.873929961089494389e-01
6.519432364385442380e-01
6.680567635614557132e-01
6.567772945754176694e-01
6.857816433966582581e-01
6.414694438086518957e-01
6.326070038910506232e-01
6.463035019455252161e-01
6.398580910963607149e-01
6.205218585488669891e-01
6.221332112611580589e-01
5.882444495307850296e-01
5.898558022430762104e-01
5.600457770656900314e-01
5.439322499427786672e-01
5.390981918059052358e-01
5.068711375600823965e-01
5.068711375600823965e-01
4.746440833142595017e-01
4.456397344930189686e-01
4.271091783016708887e-01
4.351659418631265708e-01
4.166353856717783799e-01
3.932204165712978039e-01
3.634103913939116248e-01
3.424628061341268292e-01
3.327946898603799664e-01
3.062073701075760934e-01
2.892881666285190834e-01
2.570611123826962441e-01
2.385305561913481365e-01
2.312794689860379893e-01
2.103318837262531105e-01
1.869169146257724790e-01
1.885282673380636043e-01
1.748317692835889003e-01
1.538841840238040770e-01
1.200457770656900847e-01
1.119890135042343610e-01
1.200457770656900847e-01
1.095719844357976591e-01
8.540169375143052966e-02
7.653925383382925718e-02
7.492790112153810411e-02
5.236896314946211384e-02
6.284275577935453938e-02
7.895628290226597290e-02
5.639734493018997569e-02
6.042572671091783060e-02
5.639734493018997569e-02
6.606546120393683164e-02
4.511787594415198055e-02
7.170519569695581186e-02
5.800869764248111488e-02
5.559166857404439915e-02
6.848249027237353348e-02
9.104142824444952375e-02
9.104142824444952375e-02
1.079606317235065199e-01
1.232684824902723630e-01
1.297138933394369198e-01
1.281025406271457945e-01
1.466330968184939298e-01
1.546898603799496397e-01
1.917509727626459104e-01
2.071091783016708598e-01
2.256397344930189952e-01
2.473929961089493812e-01
2.514213778896772777e-01
2.739803158617532541e-01
2.755916685740443794e-01
2.949279011215381052e-01
3.368230716411078074e-01
3.432684824902723641e-01
3.577706569008926585e-01
3.875806820782787820e-01
4.222751201647974018e-01
4.271091783016708887e-01
4.456397344930189686e-01
4.520851453421835808e-01
4.714213778896771956e-01
5.213733119707025798e-01
5.221789883268481702e-01
5.447379262989241466e-01
5.681025406271457134e-01
5.729365987640191449e-01
5.882444495307850296e-01
5.971068894483863021e-01
6.011352712291141431e-01
6.124147402151521868e-01
6.334126802471962137e-01
6.334126802471962137e-01
6.342183566033416930e-01
6.575829709315632599e-01
6.753078507667658048e-01
6.616113527122911009e-01
6.608056763561456215e-01
6.745021744106202144e-01
6.809475852597848267e-01
6.567772945754176694e-01
6.745021744106202144e-01
6.543602655069808982e-01
6.543602655069808982e-01
6.583886472877088503e-01
6.527489127946898284e-01
6.454978255893797368e-01
6.197161821927213987e-01
6.205218585488669891e-01
6.099977111467155266e-01
5.987182421606774829e-01
5.850217441062027790e-01
5.544060425726711205e-01
5.439322499427786672e-01
5.334584573128862139e-01
5.455436026550697370e-01
5.165392538338292594e-01
4.794781414511329887e-01
4.746440833142595017e-01
4.536964980544747061e-01
4.206637674525062209e-01
4.158297093156328450e-01
4.036942092011901462e-01
3.819409475852597602e-01
3.529365987640191715e-01
3.231265735866331035e-01
3.287663080796521253e-01
3.013733119707026620e-01
2.925108720531013895e-01
2.667292286564431070e-01
2.409475852597848522e-01
2.296681162737468362e-01
1.965850308995193418e-01
1.780544747081712065e-01
1.716090638590066497e-01
1.764431219958800534e-01
1.417990386816204984e-01
1.305195696955825102e-01
1.152117189288166532e-01
1.248798352025635022e-01
9.909819180590523358e-02
8.298466468299381393e-02
8.459601739528495312e-02
7.331654840924696492e-02
5.478599221789882956e-02
5.559166857404439915e-02
4.753490501258869627e-02
6.848249027237353348e-02
6.203707942320896285e-02
5.559166857404439915e-02
3.544975967040512460e-02
5.398031586175325997e-02
7.089951934081024920e-02
5.881437399862668447e-02
9.023575188830396110e-02
9.023575188830396110e-02
7.815060654612038249e-02
8.056763561455709821e-02
9.265278095674067682e-02
1.079606317235065199e-01
1.176287479972533689e-01
1.530785076676585144e-01
1.498558022430762082e-01
1.635523002975509121e-01
1.869169146257724790e-01
2.127489127946898817e-01
2.361135271229113930e-01
2.417532616159304149e-01
2.538384069581139935e-01
2.868711375600823676e-01
2.900938429846646738e-01
3.118471046005950598e-01
3.464911879148546703e-01
3.593820096131837838e-01
3.811352712291142253e-01
3.835523002975509410e-01
4.012771801327534860e-01
4.335545891508354455e-01
4.448340581368733782e-01
4.609475852597848533e-01
4.851178759441519550e-01
4.955916685740443528e-01
5.302357518883039633e-01
5.544060425726711205e-01
5.471549553673609179e-01
5.640741588464178724e-01
5.737422751201647353e-01
5.979125658045318925e-01
6.099977111467155266e-01
6.229388876173036493e-01
6.277729457541770808e-01
6.406637674525063053e-01
6.656397344930189419e-01
6.503318837262530572e-01
6.656397344930189419e-01
6.551659418631264886e-01
6.543602655069808982e-01
6.809475852597848267e-01
6.632227054245822817e-01
6.591943236438544407e-01
6.551659418631264886e-01
6.600000000000000311e-01
6.503318837262530572e-01
6.382467383840695341e-01
6.342183566033416930e-01
6.430807965209429655e-01
6.374410620279240547e-01
6.318013275349050328e-01
5.971068894483863021e-01
5.954955367360951213e-01
5.914671549553672802e-01
5.672968642710002340e-01
5.616571297779812122e-01
5.463492790112153275e-01
5.165392538338292594e-01
5.052597848477912157e-01
4.641702906843671039e-01
4.488624399176012192e-01
4.609475852597848533e-01
4.335545891508354455e-01
4.069169146257725078e-01
3.956374456397344641e-01
3.754955367360952034e-01
3.617990386816204995e-01
3.295719844357976602e-01
3.166811627374685467e-01
2.957335774776836401e-01
2.554497596704051188e-01
2.763973449301899143e-01
2.312794689860379893e-01
2.256397344930189952e-01
1.917509727626459104e-01
1.893339436942091947e-01
1.554955367360952023e-01
1.514671549553673613e-01
1.264911879148546692e-01
1.297138933394369198e-01
1.200457770656900847e-01
8.943007553215838457e-02
7.815060654612038249e-02
7.412222476539252758e-02
8.620737010757610619e-02
8.862439917601282191e-02
5.962005035477226100e-02
6.928816662851911001e-02
6.284275577935453938e-02
4.995193408102540505e-02
4.028381780727854911e-02
7.009384298466468655e-02
6.364843213550011591e-02
6.284275577935453938e-02
4.995193408102540505e-02
7.734493018997481983e-02
7.976195925841153556e-02
7.895628290226597290e-02
8.620737010757610619e-02
1.079606317235065199e-01
1.168230716411077924e-01
1.240741588464179257e-01
1.401876859693293731e-01
1.426047150377660611e-01
1.788601510643167691e-01
1.925566491187914731e-01
1.828885328450446102e-01
2.119432364385442635e-01
2.433646143282215402e-01
2.594781414511329598e-01
2.788143739986266856e-01
2.852597848477912423e-01
3.182925154497596720e-01
3.134584573128861851e-01
3.408514534218356484e-01
3.569649805447470681e-01
3.787182421606774541e-01
3.932204165712978039e-01
4.351659418631265708e-01
4.528908216983291712e-01
4.665873197528038197e-01
4.706157015335316607e-01
5.060654612039368061e-01
5.044541084916457363e-01
5.447379262989241466e-01
5.399038681620508262e-01
5.560173952849621903e-01
5.809933623254749380e-01
5.979125658045318925e-01
6.189105058365758083e-01
6.205218585488669891e-01
6.180544747081712087e-01
6.301899748226137410e-01
6.374410620279240547e-01
6.591943236438544407e-01
6.535545891508354188e-01
6.454978255893797368e-01
6.583886472877088503e-01
6.374410620279240547e-01
6.543602655069808982e-01
6.164431219958800279e-01
6.205218585488669891e-01
6.156374456397344375e-01
6.083863584344243458e-01
5.850217441062027790e-01
5.576287479972533712e-01
5.487663080796519877e-01
5.310414282444495537e-01
5.318471046005951441e-01
4.915632867933165118e-01
4.810894941634241140e-01
4.440283817807277877e-01
4.383886472877088214e-01
4.214694438086518113e-01
4.230807965209429367e-01
3.859693293659876012e-01
3.464911879148546703e-01
3.336003662165255013e-01
3.287663080796521253e-01
2.917051956969557991e-01
2.860654612039367772e-01
2.788143739986266856e-01
2.361135271229113930e-01
2.240283817807278144e-01
2.175829709315632854e-01
1.998077363241016202e-01
1.796658274204623318e-01
1.522728313115129239e-01
1.563012130922407650e-01
1.514671549553673613e-01
1.232684824902723630e-01
9.506981002517739254e-02
1.079606317235065199e-01
1.055436026550697903e-01
9.184710460059510029e-02
5.800869764248111488e-02
6.767681391622797082e-02
5.236896314946211384e-02
5.881437399862668447e-02
4.834058136873425893e-02
4.914625772487983546e-02
4.592355230029755014e-02
4.189517051956969523e-02
1.305195696955825102e-01
1.119890135042343610e-01
1.426047150377660611e-01
1.345479514763103512e-01
1.530785076676585144e-01
1.780544747081712065e-01
2.063035019455252694e-01
2.232227054245822517e-01
2.224170290684366891e-01
2.707576104371709480e-01
2.780086976424810952e-01
2.989562829022659463e-01
3.021789883268481969e-01
3.376287479972533423e-01
3.448798352025634895e-01
3.521309224078736366e-01
3.754955367360952034e-01
4.134126802471961293e-01
4.383886472877088214e-01
4.456397344930189686e-01
4.706157015335316607e-01
4.810894941634241140e-01
4.988143739986266034e-01
5.278187228198671921e-01
5.366811627374684646e-01
5.455436026550697370e-01
5.527946898603798287e-01
5.664911879148546436e-01
5.995239185168229623e-01
6.019409475852597335e-01
6.164431219958800279e-01
6.398580910963607149e-01
6.438864728770885559e-01
6.358297093156328739e-01
6.632227054245822817e-01
6.487205310139619874e-01
6.753078507667658048e-01
6.632227054245822817e-01
6.688624399176013036e-01
6.849759670405126677e-01
6.720851453421835542e-01
6.664454108491645323e-01
6.624170290684366913e-01
6.519432364385442380e-01
6.479148546578163970e-01
6.608056763561456215e-01
6.382467383840695341e-01
6.406637674525063053e-01
6.172487983520256183e-01
6.261615930418859000e-01
6.051636530098419842e-01
5.866330968184939598e-01
5.858274204623483694e-01
5.455436026550697370e-01
5.511833371480887589e-01
5.374868390936140550e-01
4.963973449301899432e-01
4.875349050125886707e-01
4.859235523002975454e-01
4.609475852597848533e-01
4.762554360265506270e-01
4.416113527122911275e-01
4.036942092011901462e-01
3.988601510643167702e-01
3.666330968184938754e-01
3.456855115587090799e-01
3.392401007095444676e-01
3.037903410391393777e-01
3.118471046005950598e-01
2.892881666285190834e-01
2.498100251773860969e-01
2.490043488212405343e-01
2.111375600823987009e-01
2.030304417486838986e-01
2.054474708171206143e-01
1.901396200503547851e-01
1.571068894483863276e-01
1.434103913939116237e-01
1.401876859693293731e-01
1.224628061341268004e-01
1.039322499427786650e-01
8.298466468299381393e-02
7.976195925841153556e-02
6.687113756008239429e-02
7.573357747768368065e-02
7.734493018997481983e-02
4.350652323186083442e-02
4.189517051956969523e-02
4.108949416342412564e-02
5.236896314946211384e-02
6.284275577935453938e-02
3.867246509498740992e-02
4.672922865644311974e-02
4.753490501258869627e-02
5.800869764248111488e-02
6.767681391622797082e-02
7.653925383382925718e-02
8.379034103913939047e-02
9.184710460059510029e-02
1.119890135042343610e-01
1.119890135042343610e-01
1.321309224078736633e-01
1.393820096131837827e-01
1.571068894483863276e-01
1.651636530098420652e-01
1.990020599679560576e-01
1.925566491187914731e-01
2.320851453421835520e-01
2.425589379720759775e-01
2.498100251773860969e-01
2.747859922178987890e-01
3.029846646829938428e-01
3.174868390936140816e-01
3.287663080796521253e-01
3.658274204623483405e-01
3.948317692835889292e-01
4.012771801327534860e-01
4.230807965209429367e-01
4.254978255893797634e-01
4.472510872053100939e-01
4.730327306019683764e-01
4.899519340810253865e-01
5.133165484092468978e-01
5.382925154497596454e-01
5.503776607919431685e-01
5.511833371480887589e-01
5.834103913939115982e-01
6.011352712291141431e-01
5.906614785992218009e-01
6.108033875028611170e-01
6.326070038910506232e-01
6.350240329594872835e-01
6.414694438086518957e-01
6.503318837262530572e-01
6.551659418631264886e-01
6.527489127946898284e-01
6.487205310139619874e-01
6.600000000000000311e-01
6.865873197528038485e-01
6.680567635614557132e-01
6.785305561913480554e-01
6.769192034790569856e-01
6.551659418631264886e-01
6.600000000000000311e-01
6.535545891508354188e-01
6.438864728770885559e-01
6.342183566033416930e-01
6.245502403295948302e-01
6.189105058365758083e-01
5.938841840238040515e-01
5.930785076676584611e-01
6.027466239414053240e-01
5.672968642710002340e-01
5.672968642710002340e-01
5.237903410391393511e-01
5.294300755321583729e-01
5.052597848477912157e-01
4.786724650949873983e-01
4.536964980544747061e-01
4.496681162737468096e-01
4.263035019455252983e-01
4.061112382696269174e-01
3.908033875028610327e-01
3.617990386816204995e-01
3.416571297779812388e-01
3.319890135042343760e-01
3.005676356145570716e-01
2.908995193408102642e-01
2.820370794232089362e-01
2.401419089036392895e-01
2.481986724650949716e-01
2.079148546578164225e-01
1.893339436942091947e-01
1.869169146257724790e-01
1.675806820782787809e-01
1.691920347905699062e-01
1.264911879148546692e-01
1.345479514763103512e-01
1.127946898603799514e-01
9.506981002517739254e-02
9.265278095674067682e-02
7.895628290226597290e-02
6.525978484779125510e-02
7.009384298466468655e-02
6.687113756008239429e-02
5.156328679331654424e-02
6.203707942320896285e-02
5.317463950560769037e-02
4.592355230029755014e-02
5.075761043717097465e-02
4.592355230029755014e-02
5.398031586175325997e-02
6.848249027237353348e-02
7.653925383382925718e-02
6.364843213550011591e-02
7.895628290226597290e-02
8.137331197070267474e-02
9.104142824444952375e-02
1.256855115587090788e-01
1.272968642710002318e-01
1.281025406271457945e-01
1.458274204623483672e-01
1.788601510643167691e-01
1.724147402151522124e-01
1.885282673380636043e-01
1.973907072556649045e-01
2.296681162737468362e-01
2.409475852597848522e-01
2.755916685740443794e-01
2.747859922178987890e-01
2.989562829022659463e-01
3.231265735866331035e-01
3.400457770656900580e-01
3.754955367360952034e-01
3.940260929274433388e-01
3.964431219958800545e-01
4.238864728770885271e-01
4.319432364385442646e-01
4.585305561913481376e-01
4.980086976424810685e-01
5.076768139162279869e-01
5.165392538338292594e-01
5.407095445181963056e-01
5.455436026550697370e-01
5.560173952849621903e-01
5.866330968184939598e-01
5.922728313115128707e-01
5.954955367360951213e-01
6.245502403295948302e-01
6.414694438086518957e-01
6.342183566033416930e-01
6.366353856717784643e-01
6.640283817807278721e-01
6.632227054245822817e-01
6.624170290684366913e-01
6.873929961089494389e-01
6.825589379720758965e-01
6.753078507667658048e-01
6.608056763561456215e-01
6.543602655069808982e-01
6.535545891508354188e-01
6.559716182192720790e-01
6.640283817807278721e-01
6.608056763561456215e-01
6.342183566033416930e-01
6.374410620279240547e-01
6.229388876173036493e-01
6.390524147402151245e-01
6.156374456397344375e-01
5.979125658045318925e-01
5.995239185168229623e-01
5.761593041886013955e-01
5.616571297779812122e-01
5.600457770656900314e-01
5.374868390936140550e-01
5.052597848477912157e-01
4.883405813687342611e-01
4.714213778896771956e-01
4.528908216983291712e-01
4.399999999999999467e-01
4.271091783016708887e-01
4.085282673380636331e-01
3.682444495307850563e-01
3.754955367360952034e-01
3.231265735866331035e-01
3.319890135042343760e-01
3.045960173952849681e-01
2.739803158617532541e-01
2.473929961089493812e-01
2.522270542458228682e-01
2.441702906843671306e-01
2.095262073701075478e-01
1.973907072556649045e-01
1.836942092011902006e-01
1.466330968184939298e-01
1.474387731746394925e-01
1.393820096131837827e-01
1.071549553673609573e-01
9.506981002517739254e-02
8.540169375143052966e-02
7.331654840924696492e-02
6.687113756008239429e-02
5.962005035477226100e-02
6.284275577935453938e-02
4.189517051956969523e-02
5.800869764248111488e-02
6.284275577935453938e-02
5.398031586175325997e-02
3.867246509498740992e-02
5.962005035477226100e-02
5.639734493018997569e-02
7.895628290226597290e-02
6.123140306706340019e-02
6.203707942320896285e-02
8.137331197070267474e-02
6.928816662851911001e-02
1.095719844357976591e-01
1.087663080796520965e-01
1.144060425726710906e-01
1.152117189288166532e-01
1.434103913939116237e-01
1.546898603799496397e-01
1.772487983520256438e-01
1.893339436942091947e-01
1.981963836118104672e-01
2.288624399176012736e-01
2.369192034790569557e-01
2.449759670405126932e-01
2.836484321355001170e-01
2.917051956969557991e-01
3.054016937514305585e-01
3.319890135042343760e-01
3.464911879148546703e-01
3.795239185168230445e-01
4.109452964065003489e-01
4.206637674525062209e-01
4.464454108491645035e-01
4.681986724650949450e-01
4.907576104371709214e-01
5.012314030670633747e-01
5.157335774776836690e-01
5.318471046005951441e-01
5.382925154497596454e-01
5.648798352025634628e-01
5.552117189288167109e-01
5.963012130922407117e-01
5.930785076676584611e-01
6.043579766536963938e-01
6.180544747081712087e-01
6.414694438086518957e-01
6.559716182192720790e-01
6.406637674525063053e-01
6.446921492332341463e-01
6.728908216983291446e-01
6.712794689860379638e-01
6.761135271229113952e-01
6.753078507667658048e-01
6.567772945754176694e-01
6.857816433966582581e-01
6.600000000000000311e-01
6.777248798352024650e-01
6.672510872053101227e-01
6.479148546578163970e-01
6.591943236438544407e-01
6.342183566033416930e-01
6.454978255893797368e-01
6.326070038910506232e-01
6.172487983520256183e-01
5.995239185168229623e-01
5.826047150377661188e-01
5.753536278324559161e-01
5.672968642710002340e-01
5.681025406271457134e-01
5.568230716411077807e-01
5.382925154497596454e-01
5.133165484092468978e-01
4.843121995880064201e-01
4.641702906843671039e-01
4.391943236438544118e-01
4.343602655069809804e-01
4.085282673380636331e-01
4.020828564888990209e-01
3.787182421606774541e-01
3.545479514763103523e-01
3.174868390936140816e-01
3.037903410391393777e-01
2.965392538338292305e-01
2.643121995880063912e-01
2.699519340810254131e-01
2.465873197528038185e-01
2.159716182192721323e-01
2.111375600823987009e-01
1.949736781872281888e-01
1.603295948729686338e-01
1.546898603799496397e-01
1.289082169832913571e-01
1.450217441062028045e-01
1.127946898603799514e-01
9.909819180590523358e-02
9.506981002517739254e-02
8.943007553215838457e-02
8.943007553215838457e-02
7.412222476539252758e-02
7.089951934081024920e-02
6.203707942320896285e-02
4.995193408102540505e-02
5.639734493018997569e-02
5.800869764248111488e-02
6.364843213550011591e-02
5.639734493018997569e-02
4.914625772487983546e-02
6.123140306706340019e-02
6.284275577935453938e-02
7.653925383382925718e-02
8.701304646372166884e-02
9.990386816205081011e-02
1.152117189288166532e-01
1.232684824902723630e-01
1.111833371480887983e-01
1.498558022430762082e-01
1.587182421606775085e-01
1.675806820782787809e-01
1.885282673380636043e-01
2.079148546578164225e-01
2.046417944609750517e-01
2.385305561913481365e-01
2.457816433966582559e-01
2.546440833142595284e-01
2.780086976424810952e-01
2.941222247653925148e-01
3.134584573128861851e-01
3.497138933394369209e-01
3.489082169832913305e-01
3.763012130922407383e-01
4.036942092011901462e-01
4.367772945754176961e-01
4.504737926298923445e-01
4.673929961089493546e-01
4.722270542458227860e-01
4.972030212863354781e-01
5.060654612039368061e-01
5.390981918059052358e-01
5.471549553673609179e-01
5.584344243533989616e-01
5.697138933394368943e-01
5.995239185168229623e-01
6.051636530098419842e-01
6.099977111467155266e-01
6.140260929274433677e-01
6.261615930418859000e-01
6.559716182192720790e-01
6.503318837262530572e-01
6.664454108491645323e-01
6.503318837262530572e-01
6.656397344930189419e-01
6.632227054245822817e-01
6.833646143282215979e-01
6.825589379720758965e-01
6.696681162737467830e-01
6.648340581368734625e-01
6.503318837262530572e-01
6.616113527122911009e-01
6.583886472877088503e-01
6.446921492332341463e-01
6.446921492332341463e-01
6.350240329594872835e-01
6.132204165712977773e-01
6.099977111467155266e-01
5.858274204623483694e-01
5.729365987640191449e-01
5.616571297779812122e-01
5.568230716411077807e-01
5.270130464637216017e-01
5.125108720531014184e-01
5.084824902723735773e-01
4.706157015335316607e-01
4.440283817807277877e-01
4.222751201647974018e-01
4.271091783016708887e-01
4.061112382696269174e-01
3.763012130922407383e-01
3.682444495307850563e-01
3.295719844357976602e-01
3.207095445181963878e-01
2.884824902723734930e-01
2.917051956969557991e-01
2.715632867933165384e-01
2.546440833142595284e-01
2.312794689860379893e-01
1.965850308995193418e-01
1.981963836118104672e-01
1.748317692835889003e-01
1.699977111467154689e-01
1.522728313115129239e-01
1.369649805447470670e-01
1.329365987640192259e-01
1.224628061341268004e-01
1.119890135042343610e-01
8.459601739528495312e-02
8.056763561455709821e-02
5.881437399862668447e-02
6.767681391622797082e-02
5.639734493018997569e-02
6.123140306706340019e-02
5.156328679331654424e-02
4.672922865644311974e-02
4.672922865644311974e-02
4.189517051956969523e-02
4.431219958800641096e-02
4.834058136873425893e-02
7.412222476539252758e-02
6.284275577935453938e-02
7.734493018997481983e-02
7.976195925841153556e-02
9.023575188830396110e-02
1.047379262989242277e-01
1.055436026550697903e-01
1.305195696955825102e-01
1.482444495307850552e-01
1.571068894483863276e-01
1.716090638590066497e-01
1.941680018310826261e-01
1.965850308995193418e-01
2.328908216983291146e-01
2.312794689860379893e-01
2.586724650949873694e-01
2.812314030670634013e-01
3.005676356145570716e-01
3.150698100251773659e-01
3.352117189288166266e-01
3.585763332570381934e-01
3.674387731746395214e-01
4.134126802471961293e-01
4.126070038910505389e-01
4.472510872053100939e-01
4.649759670405126943e-01
4.577248798352025472e-01
4.835065232318608297e-01
5.189562829022659196e-01
5.068711375600823965e-01
5.334584573128862139e-01
5.487663080796519877e-01
5.600457770656900314e-01
5.922728313115128707e-01
5.890501258869306200e-01
6.051636530098419842e-01
6.180544747081712087e-01
6.326070038910506232e-01
6.293842984664682616e-01
6.438864728770885559e-01
6.616113527122911009e-01
6.567772945754176694e-01
6.648340581368734625e-01
6.728908216983291446e-01
6.680567635614557132e-01
6.688624399176013036e-01
6.777248798352024650e-01
6.753078507667658048e-01
6.559716182192720790e-01
6.519432364385442380e-01
6.656397344930189419e-01
6.551659418631264886e-01
6.350240329594872835e-01
6.245502403295948302e-01
6.422751201647973751e-01
6.229388876173036493e-01
6.075806820782787554e-01
5.761593041886013955e-01
5.608514534218356218e-01
5.519890135042343493e-01
5.471549553673609179e-01
5.036484321355001459e-01
4.980086976424810685e-01
4.843121995880064201e-01
4.665873197528038197e-01
4.488624399176012192e-01
4.150240329594872546e-01
4.230807965209429367e-01
4.036942092011901462e-01
3.593820096131837838e-01
3.650217441062027501e-01
3.424628061341268292e-01
3.166811627374685467e-01
2.957335774776836401e-01
2.804257267109178109e-01
2.659235523002975721e-01
2.409475852597848522e-01
2.280567635614557109e-01
1.965850308995193418e-01
2.071091783016708598e-01
1.554955367360952023e-01
1.450217441062028045e-01
1.482444495307850552e-01
1.329365987640192259e-01
1.079606317235065199e-01
1.055436026550697903e-01
9.748683909361409439e-02
7.976195925841153556e-02
6.928816662851911001e-02
8.056763561455709821e-02
5.800869764248111488e-02
5.559166857404439915e-02
6.284275577935453938e-02
6.284275577935453938e-02
5.156328679331654424e-02
5.639734493018997569e-02
6.203707942320896285e-02
4.511787594415198055e-02
5.639734493018997569e-02
7.170519569695581186e-02
6.123140306706340019e-02
6.525978484779125510e-02
7.492790112153810411e-02
9.104142824444952375e-02
1.232684824902723630e-01
1.160173952849622298e-01
1.458274204623483672e-01
1.426047150377660611e-01
1.724147402151522124e-01
1.820828564888990475e-01
2.006134126802471829e-01
2.038361181048294890e-01
2.191943236438544107e-01
2.602838178072785502e-01
2.788143739986266856e-01
2.796200503547722760e-01
3.013733119707026620e-01
3.182925154497596720e-01
3.585763332570381934e-01
3.779125658045319192e-01
3.754955367360952034e-01
4.061112382696269174e-01
4.174410620279239703e-01
4.359716182192721057e-01
4.617532616159303882e-01
4.730327306019683764e-01
4.907576104371709214e-01
5.117051956969558280e-01
5.221789883268481702e-01
5.624628061341268026e-01
5.552117189288167109e-01
5.721309224078735545e-01
5.914671549553672802e-01
5.882444495307850296e-01
6.237445639734492397e-01
6.269672693980314904e-01
6.148317692835889581e-01
6.382467383840695341e-01
6.390524147402151245e-01
6.398580910963607149e-01
6.463035019455252161e-01
6.551659418631264886e-01
6.761135271229113952e-01
6.559716182192720790e-01
6.793362325474936458e-01
6.849759670405126677e-01
6.608056763561456215e-01
6.463035019455252161e-01
6.503318837262530572e-01
6.487205310139619874e-01
6.503318837262530572e-01
6.446921492332341463e-01
6.358297093156328739e-01
6.471091783016708066e-01
6.124147402151521868e-01
6.011352712291141431e-01
5.882444495307850296e-01
5.737422751201647353e-01
